, ,!,"""",%,&,',(,),",",-,.,0,1,2,3,4,5,6,7,8,9,:,;,=,?,A,B,C,D,E,F,G,H,I,J,K,L,M,N,O,P,Q,R,S,T,U,V,W,X,Y,Z,[,],`,a,b,c,d,e,f,g,h,i,j,k,l,m,n,o,p,q,r,s,t,u,v,w,x,y,z,æ,—,‘,’,“,”
 ,0.9999999999999951,0.9928423269108927,0.9957258858098692,0.9806102384307761,0.9705753785202079,0.9978465242895965,0.9882162042762254,0.9882328873218197,0.9972621259484192,0.9970801568946318,0.9986921556935353,0.9809834749616395,0.9886916051162521,0.9865023400561757,0.9864911339441483,0.9824099831551044,0.9868518624171361,0.9823350617662923,0.9904426167467724,0.97976723798292,0.9818091018545992,0.997276215320648,0.9958295110432792,0.995774773548052,0.9911428643770005,0.9802666685606767,0.9721596795566227,0.9844906626279768,0.9729155495346901,0.9807890701910114,0.9828397985471513,0.9802819763294635,0.9721637208006405,0.9870970372545024,0.9875881508543712,0.9747715017313463,0.9847795644107274,0.9657026960247961,0.9770013840183833,0.9760609998419798,0.9787131176034577,0.9717916869618006,0.9729406761143102,0.9821608733179437,0.9839137087474643,0.9813620750426499,0.9827200124439093,0.9701278239491066,0.9785810972315273,0.9819599341760932,0.9814085260663981,0.9878260119032979,0.9879160668993611,0.9985430001486015,0.9874665193847219,0.9811847137806878,0.9908793801136149,0.9806832914871173,0.9876787990355972,0.9881284004009291,0.979140100998132,0.9814122068387431,0.9918104949424627,0.9892067683548915,0.9824455489749118,0.9893994971719091,0.9764940777818364,0.9849527801632443,0.986314864889411,0.9813706630079909,0.9808159935346714,0.9915243058953085,0.9905099779362136,0.9908357118968794,0.9854210915038748,0.9893101666438398,0.9827567418890193,0.989641081809232,0.9884702518649194,0.9898840038278938,0.9810568473001015,0.9964755446776244,0.99711766466694,0.9971066275259132,0.9942590144172816,0.9942535014087794
!,0.9928423269108927,1.0000000000000027,0.9911382715804035,0.9756381633542429,0.9741226589816465,0.9965210365179712,0.9913493004951264,0.9912567095681497,0.9950556278030188,0.9932742635215248,0.9941136656253284,0.9765867806069842,0.9976144778457463,0.9864350629784376,0.9850281657566439,0.9814235474377331,0.9861485374736314,0.9800105431712903,0.9901060744646479,0.9775976254351055,0.9793368212572185,0.9948898126582163,0.9953375963621179,0.9922196155225977,0.9914678127034499,0.982175785375749,0.9689614459895126,0.9792688290993988,0.9677442361116059,0.978328742925157,0.9807485032561659,0.9743233689525481,0.9645176037337098,0.9977213310053408,0.9919507440583887,0.9727527623011308,0.9792390554240151,0.9595699248670158,0.9747741546535067,0.9698283445507189,0.9765135329479923,0.9643380352849977,0.969601000431296,0.9817678059496638,0.9945912798048094,0.9747287766955419,0.9792622363033145,0.9697567935526045,0.9789128068113818,0.9835487291825072,0.983651673360925,0.9905045754828697,0.9904586062385826,0.9945408781262461,0.9851257247028227,0.9768123809621825,0.9868106712742226,0.9764905570303288,0.9853111261328947,0.9965691975010063,0.9772531513939352,0.9762561557740543,0.99732499726938,0.9940159167885002,0.978708894616196,0.9983098109509682,0.9790946362812611,0.9803933010030415,0.9813884954420679,0.9764317564971443,0.975680345679214,0.9926496492818577,0.9898045699608995,0.996076775220163,0.9793158100622953,0.9861601120492769,0.9807983370782855,0.9894205167033772,0.9890723972323858,0.9905976556308451,0.984592367729889,0.9905073823117148,0.9963862915009076,0.9963624006405486,0.9902266788511846,0.9902080079105842
"""",0.9957258858098692,0.9911382715804035,1.0000000000000047,0.9814711455518729,0.9700375060833039,0.9953970679602943,0.9877113875305341,0.9877300915561553,0.9932786297093426,0.9947245619867916,0.9943399310908492,0.9836795817238608,0.987903565748677,0.988770482264262,0.9888287872108603,0.9839005757459339,0.9883050884386849,0.9833939851593609,0.9937296538307286,0.9836585467494053,0.9844677981147931,0.9942272691025622,0.992908888763316,0.9943839635246867,0.9937774521479685,0.9821325942812644,0.9739593260499099,0.9833680546340655,0.9724764900506312,0.9826339603253482,0.9856764862777981,0.9783369473540308,0.9695089347699541,0.9865076631824397,0.988518169066264,0.9735903649804984,0.9844044277916946,0.9605680832252352,0.9769695251925874,0.9742094171060857,0.9832192907559266,0.9668032521824219,0.9750650332260902,0.9833178636071037,0.9844523079229277,0.9771784661053782,0.9803563186751787,0.9669928156378067,0.9818229615490794,0.9819680279321544,0.9841045979003582,0.9873593911236634,0.9874487437981123,0.9962880249844247,0.9876060239041553,0.980931322332367,0.9908630087554827,0.9811485598604436,0.988708107017433,0.9873827936816765,0.9836694978377665,0.9814718047776992,0.9889408848271977,0.9866738921061721,0.9825368888962696,0.987461483995046,0.9757068432492207,0.9862302271858415,0.9866361567791035,0.9853152018792458,0.9841588057433391,0.9916658619769252,0.990466943961271,0.989477268555574,0.9857227657261576,0.989247827137898,0.9784316347719448,0.9897318585550339,0.9919399357775137,0.9895189062638688,0.979942283631871,0.9932585242339995,0.9953104186270857,0.9957109712498199,0.9979548635068842,0.9993684801073685
%,0.9806102384307761,0.9756381633542429,0.9814711455518729,0.9999999999999963,0.9709317149573579,0.9784332482108761,0.9750632251897354,0.9749082069061072,0.9811788413765179,0.9813577198291991,0.9811729074197805,0.9779610032248165,0.9748516600378075,0.9774601600030638,0.9801366480164494,0.9779382116088587,0.9805184757136489,0.9795295139440734,0.9779085063656655,0.979043913325591,0.9794852733347176,0.9787205752687516,0.9778864723985459,0.983039905294985,0.9781684564864309,0.9774518292371066,0.9724905617417112,0.9738302590317726,0.9671774339779483,0.9797888778107121,0.9803889387742446,0.9722174602784807,0.971220610457821,0.9722460449230114,0.9753958747012316,0.9764069030866299,0.9792510704660385,0.9698457813219847,0.9783224547008688,0.9684015109091304,0.9774563000526352,0.9672504550851488,0.9759921202585706,0.9799265055930123,0.9723068722655152,0.9723276614582039,0.977588790004316,0.9735517969596776,0.984242529340724,0.9775561996118882,0.9769473758136938,0.9730826848473375,0.9731466885544345,0.9788738099704644,0.9820819422264284,0.9807944551529924,0.981732460827196,0.9782584348645649,0.9810572921819763,0.9737426129025788,0.9791297506567296,0.9832367511141722,0.9759509399044034,0.9734808313433531,0.9820210929669406,0.9731122091310356,0.9733474827383758,0.9822616591014862,0.9808187629896593,0.9791082626108822,0.9803714341725881,0.9799344461315573,0.9844984271244115,0.9777660330162461,0.9820740873640365,0.9815116802312052,0.9788681339825378,0.9848752823709264,0.9821563421557626,0.9815562168670972,0.9749907533928295,0.9801607375260337,0.9789987449690281,0.977826273741569,0.981731713547462,0.9811500245083836
&,0.9705753785202079,0.9741226589816465,0.9700375060833039,0.9709317149573579,0.9999999999999974,0.9724860254239789,0.9692251051182181,0.9718522851885345,0.972108728397562,0.9714600060025356,0.9715117441802034,0.9736062230851404,0.9744716164790886,0.9704970146758648,0.9745215673014616,0.9728414467066092,0.9777824830794246,0.9740635918236531,0.9694297999925747,0.9724240069487622,0.9794552681145046,0.9718217774225292,0.9740320894580752,0.9748356596961388,0.9708871629279521,0.9785820682989435,0.9713424242316087,0.9724510155392755,0.9728574657450901,0.9718960732180308,0.9689258599668535,0.9758345250901161,0.9751070411066685,0.9737660127598429,0.9730290399260794,0.9829254765447399,0.9729230252578556,0.9643836397199002,0.9770267637385318,0.9720987223343497,0.9667650128953735,0.963254601903466,0.9772929767153727,0.9766669523074567,0.9725597176430074,0.9741415632792041,0.9722419111841634,0.9659234511873459,0.9751549226003816,0.971065967104112,0.9719040479749818,0.967760525524301,0.9700214853322924,0.9720983647837114,0.9712252198668453,0.9752636422036812,0.9721649050601391,0.970273024861934,0.9716320120601154,0.972176144581154,0.9750179989131736,0.9739981151889203,0.9738157456468749,0.9710508757354992,0.97347457720961,0.9737354735211148,0.9724239678570338,0.9737081722064242,0.9733544145789669,0.9690400019247316,0.974875701868593,0.971691198072286,0.9729098017398476,0.9735484622263461,0.9723344038686051,0.9736879036844245,0.9748878003817446,0.9747914626989469,0.9713987607314998,0.9742677792655542,0.9790935800008372,0.9699433492751975,0.9718787646461208,0.9730821848691257,0.9715454491884588,0.969539072068294
',0.9978465242895965,0.9965210365179712,0.9953970679602943,0.9784332482108761,0.9724860254239789,0.9999999999999967,0.9899141123860152,0.9897769920426764,0.9959195922155135,0.9961857999522863,0.9965685919099734,0.9799918543994888,0.9920606068373571,0.9859931032171554,0.9858771654739187,0.9827115188556327,0.9872316214678687,0.9816222779342292,0.9911667649475815,0.97884093796299,0.9807887775925767,0.9976595651755344,0.9964059066627472,0.9950545392628379,0.9906267247629589,0.9836215313403581,0.9710042396826712,0.9832527657323249,0.9718611583966396,0.9798310373315352,0.9823432018659513,0.9787552903522759,0.9692375663352997,0.9911312034818619,0.9894628740150571,0.9732042570251577,0.9828602749877344,0.9622268615145447,0.975908241444846,0.9744373967035704,0.978281810892585,0.9687920933401657,0.9719349541857237,0.9812853795566336,0.9880257161207314,0.9784945775806073,0.9799956064992821,0.971557699092904,0.9778185750334484,0.9796402948579435,0.9817753865475177,0.9890822416904885,0.9889839088803165,0.9988833035865442,0.986769382194948,0.9795595363359594,0.990101799566668,0.9791315806465617,0.9870219624319984,0.9910179432463654,0.9784181155476226,0.9795910974323899,0.9928041993192114,0.9903297743625192,0.9801155065590114,0.9928212732678033,0.9771600142671292,0.9844729964865432,0.9852969247833776,0.9803205941357318,0.9796697555936364,0.99196814307641,0.9899178318443627,0.9926342357511179,0.9833240030141078,0.9872659961855633,0.9818037190049145,0.9887085236902656,0.9875505001564915,0.9899312498666712,0.982367654716133,0.9948462795747227,0.9991599682760077,0.999650527030783,0.994118903275561,0.9943069056150332
(,0.9882162042762254,0.9913493004951264,0.9877113875305341,0.9750632251897354,0.9692251051182181,0.9899141123860152,1.0000000000000033,0.981046423948076,0.9893076543569785,0.9887209105220236,0.9887230128072212,0.9753587235562747,0.9886512088328999,0.9814458236993617,0.978426882587741,0.9778815517465906,0.9821574603100187,0.9806755008474699,0.9851880555401576,0.9774363181926063,0.9767243316873926,0.9902011025938043,0.9908233636930067,0.9880986189547392,0.9865214277975622,0.9770161345200931,0.967270794356381,0.9754763968531405,0.9624004060856776,0.9804639693713112,0.9864979939941142,0.9692902818389273,0.96028138846145,0.9898018997245094,0.9806537339724158,0.9667829150691168,0.981959105117739,0.9627441883712864,0.9694401144116825,0.96440525009931,0.9820705906971336,0.9600603756222269,0.9655529821410654,0.9793910263930671,0.9862893161202764,0.9701672034894705,0.983312242730135,0.9632796422885438,0.9764157228381083,0.9840887919987722,0.9801353604404622,0.9963536153672414,0.9821269888228485,0.9890351591728016,0.983570247924981,0.9771646123589706,0.9899204672560118,0.9749061932791143,0.9877962131776334,0.9928301972491123,0.9794881866074037,0.977847045610228,0.991935067780613,0.9854495221760108,0.9822559665078516,0.9915009886025916,0.9725369836723383,0.9810109515888339,0.9806885163059678,0.9787165122687225,0.9758127712209049,0.9942922957175243,0.9886698296886027,0.9939859240929717,0.9809722009756399,0.9888208812212949,0.976175125104967,0.9867846493576959,0.9878036774083431,0.9881995315431253,0.9777280467258976,0.9858807133633883,0.9902096013735964,0.9897332279535043,0.9862776290195385,0.9864565826212839
),0.9882328873218197,0.9912567095681497,0.9877300915561553,0.9749082069061072,0.9718522851885345,0.9897769920426764,0.981046423948076,1.000000000000001,0.9884621238738042,0.988747697888599,0.9884422283748662,0.9769325504511024,0.9914270643200324,0.9876071930700906,0.9875987097998161,0.9882421730134896,0.9846798299095528,0.977382337393405,0.9878708141338045,0.9786908418281868,0.9811501359796175,0.9897138908802023,0.9906282721119141,0.9881091343775211,0.9899713403353451,0.983621110391364,0.9665400960864187,0.9736560406839139,0.96252970591297,0.9748908460646278,0.9755821283594085,0.9699527413995573,0.960873153468132,0.9899652770295615,0.9967923797442507,0.970649371884519,0.9732875139556584,0.9572323137485705,0.9709363036574732,0.9646279831260383,0.9727963652146868,0.9604991564852543,0.9724493570836662,0.9799204396544919,0.9866831624343879,0.9693475914142492,0.9780541789976656,0.9687865447619972,0.9765843138445089,0.9796524844935067,0.9793118726743785,0.9820228630149257,0.9963812675812931,0.9900206750108904,0.9894959098855,0.9762299754254051,0.9825241913696211,0.9786631108929996,0.9838297390939637,0.9880429418127971,0.9792986061090129,0.976632203726663,0.9904185706861943,0.9946825880916907,0.9786107989756079,0.9906274237811858,0.9711417189317769,0.982052606893955,0.9818696046413409,0.976610325421356,0.9784600882854761,0.9840983106315746,0.9888717966071638,0.9863412846971303,0.9822943516856513,0.9842425651700181,0.9798976458767072,0.9872566737383826,0.9831501456717229,0.9864054207483293,0.9803493191026508,0.9858955552348444,0.9888874510458696,0.9902906997731321,0.9879909933602213,0.9862123054370738
",",0.9972621259484192,0.9950556278030188,0.9932786297093426,0.9811788413765179,0.972108728397562,0.9959195922155135,0.9893076543569785,0.9884621238738042,0.9999999999999953,0.9977852625115627,0.9987832593648529,0.9777871546498429,0.9920438737668071,0.985432326901788,0.98643962676777,0.9827701748558357,0.9861685563950613,0.9817702997126746,0.9897883979658831,0.9798756935393824,0.9803270853907802,0.9950383855218763,0.9942652318178284,0.9953443133076716,0.9915190872299993,0.9807757514338535,0.9711955260197764,0.9809761262576863,0.9689891468796894,0.9802819679596837,0.9828602478504372,0.9766139595923153,0.9705969378819094,0.9912255157151317,0.9890808304532488,0.9772094823223031,0.9821109917876092,0.9638649766308548,0.9798053569103783,0.9722111017576147,0.9784049309539556,0.9677615941349464,0.9724115933888011,0.9843784579108487,0.9879653929115761,0.9777057675459155,0.9819690853323894,0.9725550432080736,0.9835050167262748,0.9848294913234967,0.9848353544549946,0.9893256749049433,0.988722329864318,0.9957180865434264,0.9876306446762185,0.9807955261718498,0.9887360954577398,0.9795880827271498,0.9877087733293589,0.9923853308260265,0.9800507326296248,0.9815324587749372,0.9948527347154855,0.9916163094049373,0.9826755005586725,0.9927430540513105,0.9796216843393764,0.9829475930848042,0.9835035725394885,0.9794086930022025,0.9788410439508715,0.993834915310563,0.9921933713256658,0.9939735378650932,0.9832643365286601,0.9901577689805725,0.9860120141021173,0.9935661591902522,0.9919974285238706,0.992843581945222,0.9852476697105123,0.9952257433970172,0.9965063963642258,0.9952891558557504,0.9925968056464102,0.9919995981212106
-,0.9970801568946318,0.9932742635215248,0.9947245619867916,0.9813577198291991,0.9714600060025356,0.9961857999522863,0.9887209105220236,0.988747697888599,0.9977852625115627,0.999999999999997,0.9964673449330029,0.9796143486507982,0.9894556339461524,0.9854059314898717,0.986195784861943,0.9841744160229484,0.9857016411699185,0.9816004720821371,0.9889473381808007,0.9806443364137011,0.9805822272205191,0.9951382445339324,0.992713166515276,0.994155078365418,0.9906358512267073,0.9820462442000412,0.9713637883031784,0.9809633126873646,0.9691858384871896,0.980004151913686,0.9824427137226184,0.9764088463194762,0.9699610850274988,0.988262230235747,0.9884368404518066,0.9748031434468618,0.9830071387108527,0.9634682932661804,0.9783310618204278,0.972089082179926,0.97853726569556,0.9675923603663378,0.9715770066388395,0.982991828563507,0.9849567854918423,0.9777791886532989,0.9817236155866472,0.9729756031654957,0.9817782255292505,0.9835539987297619,0.9826387280764831,0.987971545946856,0.9880663006313215,0.9955677329104196,0.988087947960758,0.9836667846159955,0.9898785564894741,0.9826405702876415,0.9892663789412399,0.990904576712488,0.9800745826458569,0.9838074391412263,0.9918681370373277,0.9897431327111581,0.9824119719578059,0.989996997008349,0.9773193256361342,0.9857052981468433,0.9855469123046631,0.9805727680457504,0.9797954311462949,0.9928548386686216,0.9912990636827311,0.9923153325205557,0.9855258810685004,0.9898291688264506,0.9840257661779792,0.991943742434995,0.9907432050511735,0.9911575328697253,0.9828084079058492,0.9969658297835746,0.99745676805833,0.995768648487625,0.9957823805789384,0.9934166746889317
.,0.9986921556935353,0.9941136656253284,0.9943399310908492,0.9811729074197805,0.9715117441802034,0.9965685919099734,0.9887230128072212,0.9884422283748662,0.9987832593648529,0.9964673449330029,1.0000000000000053,0.9793557891046537,0.9906461766837151,0.9861486784138732,0.9873987449399607,0.9820739491094423,0.9870619107977614,0.9825988022479174,0.9904335615588862,0.9808382209561143,0.9820204352416353,0.995912739340548,0.9949784385746452,0.9966396107200926,0.9922063375736183,0.9802377926599584,0.9726342069853734,0.9827782274046925,0.9709860895501398,0.9815117806011968,0.9837069480910478,0.9785188708181626,0.9723768198597714,0.9894576473914505,0.9885227216429266,0.9771858096445908,0.9833851810697012,0.964813186295256,0.9788027505743816,0.9741844009618541,0.9790094722528965,0.9698159531034389,0.9739591753956863,0.9846680982645387,0.9862382919590261,0.9795746876162958,0.9825335291835184,0.9709173429050739,0.9816650530915567,0.9845931660245721,0.98360803201064,0.9886640027277289,0.988488681033468,0.9971877341979292,0.9880695782381499,0.9801687516883837,0.989572157884831,0.9795071383226799,0.9879761830502692,0.9902243995266162,0.9798378252975424,0.9808426673190473,0.9937997749386802,0.9906483817276646,0.9826421305157459,0.9913469545844005,0.9782559386673937,0.9837951699938308,0.9848013934707478,0.9801960616445647,0.9795590173121633,0.9927080519072846,0.9924982086691533,0.992484683883795,0.9842529984541589,0.9903044990091022,0.9845000353449693,0.9922300953009757,0.9910693194453889,0.9916850427716347,0.9836133377830856,0.9952879062222925,0.9960193920062658,0.9958356597128062,0.992944975817666,0.9928898514415747
0,0.9809834749616395,0.9765867806069842,0.9836795817238608,0.9779610032248165,0.9736062230851404,0.9799918543994888,0.9753587235562747,0.9769325504511024,0.9777871546498429,0.9796143486507982,0.9793557891046537,1.0000000000000022,0.974334565554461,0.9857362814961208,0.9887492279095543,0.984070091592477,0.990246851597114,0.9946461147574206,0.9819215544457892,0.9946814020801982,0.9946615075925099,0.9783639002715995,0.9787218070841927,0.9843370927440849,0.9837512921199545,0.9811975095268521,0.9891368213415648,0.9816568643097976,0.9782241774508932,0.9875461951800641,0.9862817256956702,0.975925197056846,0.9810793691035797,0.9725142737834518,0.97744726748315,0.9760767600801044,0.9870279016003811,0.9584806079865842,0.9743876807127319,0.9709110232699873,0.9881730589915763,0.9649969432445396,0.9876809076829455,0.9867543680506244,0.9699304625297862,0.9821558363088619,0.9780798068733945,0.9655566696163207,0.9750694472057226,0.9746098826955877,0.9777088909486402,0.9735297925334496,0.9748557350178625,0.9816260356651952,0.9863303478597797,0.9921947490527061,0.9869108456156578,0.9923489018645336,0.9871667943528727,0.9736405624365846,0.9880440677956008,0.9897299926709139,0.9757808817378814,0.9724737623648455,0.9839591169371187,0.9736104281413414,0.9630659571299666,0.9926136293903273,0.9938926124484242,0.9923477658070141,0.9928804306478723,0.9768414476504956,0.9825947612728995,0.9742467493060682,0.9927167213095408,0.9807223557392697,0.9813980311656165,0.9808950640021049,0.9772964295321475,0.981626912538256,0.9751078075878737,0.9800984601452712,0.9788674255010821,0.9801647558702068,0.9839243538810557,0.9840733916027526
1,0.9886916051162521,0.9976144778457463,0.987903565748677,0.9748516600378075,0.9744716164790886,0.9920606068373571,0.9886512088328999,0.9914270643200324,0.9920438737668071,0.9894556339461524,0.9906461766837151,0.974334565554461,0.9999999999999953,0.9870728165526711,0.9836542943358269,0.9824083231228211,0.9840810134685805,0.9782938938293065,0.9891742348954885,0.9765790809955481,0.9780732567205985,0.9931730554350254,0.9944594992716659,0.9891918359289865,0.989352228092842,0.9808078150712412,0.9673331289901181,0.9765663221851558,0.9645335324716596,0.9774467335209801,0.978861928437162,0.9712972641448525,0.9616675170195426,0.9990774497559246,0.993147756820103,0.972324088515089,0.9778080436457778,0.9588112081204271,0.9737364707430991,0.9664467602487814,0.9748733215194516,0.9612955136864937,0.9691884490621465,0.9809094481331802,0.9961291178764909,0.9719580794088127,0.9796320926721478,0.9668423261646953,0.9797178202102598,0.9859150597382955,0.9829774331621267,0.9882040827685766,0.991211347138311,0.9898193770160968,0.9846781007695377,0.9758873219401258,0.9847361624787377,0.9748783255267164,0.9838095619776974,0.9966465384911357,0.9787758082429823,0.9761009940585541,0.9977844689449684,0.9954083939231657,0.9819770594188364,0.9985631304096094,0.9795899541069868,0.977787623544879,0.979152914459304,0.9749670380759827,0.9751772990021793,0.9911153082479264,0.9886426685336462,0.9955134233820738,0.9776426924054092,0.9867695218230879,0.9786487244107149,0.9887664326722274,0.9894420466794995,0.9896125851069322,0.9857030925546351,0.9862595431121647,0.992240898755852,0.9917884410858107,0.987145859994744,0.986991605979146
2,0.9865023400561757,0.9864350629784376,0.988770482264262,0.9774601600030638,0.9704970146758648,0.9859931032171554,0.9814458236993617,0.9876071930700906,0.985432326901788,0.9854059314898717,0.9861486784138732,0.9857362814961208,0.9870728165526711,1.0000000000000022,0.9934407088897257,0.9844009980004305,0.9884117229591877,0.9824974314885839,0.9930769431150331,0.9879416012233978,0.9880336995078017,0.9855956711819404,0.9879764070188742,0.9867503670434681,0.9946393794406232,0.9796913627456455,0.9808815489210143,0.9810693596507473,0.9734328998933159,0.9856771271874952,0.9841372484084966,0.9767398971827228,0.9707283371638854,0.9856324291093672,0.9900208882871713,0.9725131602832598,0.9839231508445245,0.9597503459763942,0.9710565363158569,0.9728676712237242,0.985405818123791,0.9643744211868934,0.981901736746769,0.9846111260504699,0.9840892915076993,0.9777833692105734,0.9796979126700487,0.9633384306630282,0.9796205519659419,0.9843615229170536,0.9895442438244744,0.981577349641305,0.9857715623217671,0.9875717478286775,0.9853723356231617,0.9824600131345499,0.9829206410556016,0.9859314739503419,0.9840352019585757,0.9852342200573093,0.9870907208637659,0.9831745753837462,0.9873302861637736,0.9841952323941305,0.9864583885406677,0.9855532842795967,0.9689829133593906,0.9828137713966218,0.9815063632710382,0.9873080876542272,0.9844572855747867,0.9848972373409325,0.9841022758440459,0.9840178633688016,0.983517341571277,0.9852063607409516,0.97421728433628,0.9835506108337506,0.9881657230263113,0.9845970999258721,0.977241662124704,0.9839083636401206,0.9847619345353077,0.9863312598483885,0.9875345623034311,0.9885466987888542
3,0.9864911339441483,0.9850281657566439,0.9888287872108603,0.9801366480164494,0.9745215673014616,0.9858771654739187,0.978426882587741,0.9875987097998161,0.98643962676777,0.986195784861943,0.9873987449399607,0.9887492279095543,0.9836542943358269,0.9934407088897257,0.9999999999999982,0.9878016323532576,0.9948298865422923,0.9875876704058861,0.9900260700761908,0.9934689342305434,0.9924232891167086,0.983837570671226,0.9843462949408521,0.9879990979527837,0.9928105454822531,0.9849845996182548,0.9828647548267281,0.9786762481961864,0.9746636189797686,0.9837071959357069,0.9823196949361684,0.980072118346094,0.9763906008773912,0.9824382557490943,0.9885013853149167,0.9777791173794506,0.9804658046113301,0.9546764719655363,0.9794758992040029,0.9742417478313843,0.9813682111951995,0.9658978647375379,0.9837373792461414,0.9923907903164741,0.9809443493597325,0.9774624512918533,0.9763163253271582,0.9714070392906144,0.9847561779363972,0.9806420503596114,0.9878238829525255,0.9788171584080637,0.9856441034480523,0.9875143985617542,0.987553514008655,0.9864522018341664,0.9814849131627977,0.9892001552510983,0.9827371013302628,0.9827277982460749,0.9891731992359253,0.9861920634806607,0.9845669512316949,0.9828448009274664,0.9811666648935149,0.9829332433780921,0.9683201893659831,0.986104427898903,0.9835148423982414,0.9849973032443109,0.9876380936448597,0.9826230372497758,0.9874822553165663,0.9815694587224225,0.9858660753244909,0.9830081704731931,0.9797522921296642,0.9872091159866319,0.9870289387044111,0.9862667051387098,0.9778707157304114,0.9839534694897453,0.9850022425291521,0.9862129314281609,0.987436527549782,0.9889149777117098
4,0.9824099831551044,0.9814235474377331,0.9839005757459339,0.9779382116088587,0.9728414467066092,0.9827115188556327,0.9778815517465906,0.9882421730134896,0.9827701748558357,0.9841744160229484,0.9820739491094423,0.984070091592477,0.9824083231228211,0.9844009980004305,0.9878016323532576,0.9999999999999998,0.9835867516757731,0.9834036677028148,0.9826523185207191,0.9861737799662803,0.982518213346917,0.98505895560347,0.9837194876365909,0.9843076424538616,0.9837278769182924,0.986169109157798,0.9724460809132579,0.9708741932294224,0.9642839384448989,0.9767458194143269,0.976803157123769,0.9686345378326336,0.9676841071807332,0.9812906244388657,0.9883175915051274,0.9764843385335571,0.9746384965886253,0.9577285721977747,0.9733341344443018,0.9624594100472034,0.9757191080893799,0.9615451207633291,0.9789690730096149,0.9805390985511201,0.9782878649511286,0.9699594078819045,0.977755422512684,0.9758714975108068,0.980751429286242,0.9756536360305352,0.9800145825221241,0.9752188814594152,0.9863412098631998,0.9822988126540174,0.9942804399301113,0.9826934922643848,0.9863951588309321,0.9888731650056883,0.9880698794657039,0.9815770761191511,0.9868521705309311,0.9837096789598379,0.9814610258901816,0.9829815091137077,0.9828019475332888,0.9806358631088683,0.9694443753265309,0.9902860254836217,0.9877765442705498,0.9811536796798189,0.986450675442986,0.9846302568394726,0.989212266210263,0.9835256742127696,0.990386100525352,0.9838418041008608,0.9837837417110715,0.9882924376606622,0.9799404279912864,0.9884489130089217,0.982960944219079,0.9807670366169516,0.9830816433605392,0.9832220065372272,0.9840339528934204,0.9825421162947078
5,0.9868518624171361,0.9861485374736314,0.9883050884386849,0.9805184757136489,0.9777824830794246,0.9872316214678687,0.9821574603100187,0.9846798299095528,0.9861685563950613,0.9857016411699185,0.9870619107977614,0.990246851597114,0.9840810134685805,0.9884117229591877,0.9948298865422923,0.9835867516757731,1.000000000000002,0.9938753931509754,0.9885856153315935,0.9926447966203246,0.992561553898149,0.9843286894051368,0.9857929514035448,0.9879352036002148,0.9879499082954701,0.9851603611438364,0.9841340043718177,0.982509528244099,0.9758529645854992,0.988713766492868,0.9884455283360858,0.9819415554118696,0.9767244828683799,0.9834250287953521,0.9861508057892437,0.9776387907023796,0.9862031725451823,0.956387375064524,0.9804247064237429,0.9745361517117266,0.9835160257402846,0.9672208923859347,0.981685381776232,0.9963365466463733,0.9821073530389826,0.9798964886595076,0.9790420063913029,0.9701295204057675,0.9827176713807922,0.9804583508199358,0.9830415542916118,0.9815023021202095,0.9832722921127598,0.9886520430234059,0.9851022543468,0.9904205647184343,0.9834396504523756,0.9867359421789533,0.9826601928950236,0.9832485224053586,0.9875385524988322,0.9897835575103068,0.985459622602053,0.9813339812770074,0.9839524296933786,0.9837517869549885,0.9662659898664455,0.9861108995468318,0.9844689618363803,0.9862437406650296,0.9878989998080754,0.9809571712966499,0.9883632016473883,0.9819138048680114,0.9855572523096352,0.9828177880092265,0.9803607636136283,0.9856851647864554,0.9857879118389291,0.9841317340349743,0.9766457845917675,0.9838086011012496,0.985981133368277,0.9875727711826716,0.9868478995961179,0.9887004064152989
6,0.9823350617662923,0.9800105431712903,0.9833939851593609,0.9795295139440734,0.9740635918236531,0.9816222779342292,0.9806755008474699,0.977382337393405,0.9817702997126746,0.9816004720821371,0.9825988022479174,0.9946461147574206,0.9782938938293065,0.9824974314885839,0.9875876704058861,0.9834036677028148,0.9938753931509754,1.0000000000000047,0.9821102805094479,0.9947509122525692,0.9895661495327658,0.9797645545291067,0.9802087386106842,0.9860679787523343,0.9817761153334239,0.984977743245566,0.9884760115703982,0.9827150631210088,0.9759528812164499,0.9923124910277756,0.990705498148034,0.9782025781748247,0.9799052828745917,0.9767477343412665,0.9787793052378105,0.9789307154927234,0.9899683944248928,0.9585771458694823,0.9782739117220676,0.9703851784410787,0.9860329446985439,0.9656960708893083,0.9836803602730679,0.9925432290488819,0.9744296422965582,0.9814980898014519,0.9780698135107815,0.970756294250983,0.9799163506160967,0.9770676302878365,0.9801408924442432,0.9782197388787465,0.9763072135565131,0.9825602545404409,0.9875237875169217,0.9934240893308656,0.9874757982729319,0.9903655110137292,0.9871698972771237,0.9783330560875131,0.9889906420720622,0.9922882751963779,0.9798420609847023,0.9755008083455287,0.9859137033672142,0.977519546315166,0.9644574903973528,0.9904178464527709,0.9896901246568683,0.9880123036716306,0.9899864143863697,0.9788004890724731,0.9865411537381727,0.9779175677647693,0.9902357796653726,0.9815397354769613,0.9842401079306543,0.9841154855917092,0.9808168942761957,0.9840655099287332,0.976573518076755,0.9800540587051771,0.9809993398265513,0.9814607932355873,0.9830958328022102,0.9836882592072709
7,0.9904426167467724,0.9901060744646479,0.9937296538307286,0.9779085063656655,0.9694297999925747,0.9911667649475815,0.9851880555401576,0.9878708141338045,0.9897883979658831,0.9889473381808007,0.9904335615588862,0.9819215544457892,0.9891742348954885,0.9930769431150331,0.9900260700761908,0.9826523185207191,0.9885856153315935,0.9821102805094479,1.0000000000000007,0.9837833727156022,0.984704935569323,0.9904097106183304,0.9929387984737058,0.9902085392909901,0.9961455345650108,0.97940936135437,0.9767323555014167,0.9826553028335031,0.9724958380655682,0.9842064504125008,0.9864762233749006,0.9778330421814467,0.9701868860997446,0.9891877259088437,0.9905967569284719,0.9739270286479674,0.9809790260903084,0.9622083462101351,0.974998492049133,0.9735684366070645,0.9850359218894112,0.9650654684101959,0.9788939739085252,0.9840997925525002,0.9893594728516506,0.9762075513619798,0.9830102465905844,0.9623931357634138,0.9810114416587231,0.9866265787933132,0.9870910309207941,0.9859186400421288,0.986540607515621,0.9924398645621191,0.9855817930900597,0.9775907271067703,0.9856590642232836,0.9795999773146062,0.9847384058047318,0.989256075167529,0.9850686404065389,0.9785096487124955,0.9904945305500248,0.9859643749664325,0.9828640725061443,0.9890679789191055,0.9738827729049644,0.980766389228274,0.9816245700799642,0.9867428845447023,0.9845862272119612,0.9881043590195037,0.9865209693933117,0.9871323924105607,0.9829417029702147,0.9886404037926301,0.976455458902872,0.9857622439797201,0.9926360934377302,0.9863966071578331,0.9799208998290115,0.9872933294592567,0.9897639656540981,0.9915174115513993,0.9915276170232666,0.9946821708699886
8,0.97976723798292,0.9775976254351055,0.9836585467494053,0.979043913325591,0.9724240069487622,0.97884093796299,0.9774363181926063,0.9786908418281868,0.9798756935393824,0.9806443364137011,0.9808382209561143,0.9946814020801982,0.9765790809955481,0.9879416012233978,0.9934689342305434,0.9861737799662803,0.9926447966203246,0.9947509122525692,0.9837833727156022,0.9999999999999958,0.992903125060467,0.9769022777965369,0.9773985964222933,0.984525192492489,0.9863042697026507,0.9844631138127279,0.9902017960447148,0.979492613886824,0.9750197757738469,0.991475513533296,0.98899229398056,0.9759836326369541,0.9792010269293043,0.9749193273668655,0.9803018982574,0.9793128512487612,0.9873875246654861,0.9563392453537141,0.9773702836682083,0.9696362243404751,0.9885240559509271,0.9616237462171578,0.9889593015248745,0.9934633399938412,0.9728386657460025,0.9779967798818487,0.9781264978341421,0.970418432464936,0.9835198473285249,0.9801667863301736,0.9843420512543105,0.9754186569593881,0.9766764497217335,0.9803880698221645,0.9884259442249713,0.9919774160221094,0.9846649765762495,0.9921675855190115,0.9868737692212263,0.9766203141275698,0.9934852487701799,0.9915714822255702,0.9776775747536428,0.9743519872006215,0.9860477546204518,0.9754093600733892,0.9638998934318461,0.9913564523580277,0.9873142123935026,0.9908206805321447,0.9904142777722144,0.9789886792265212,0.986208906832148,0.9761385573969948,0.9907831955169433,0.9840520279206405,0.9804115252686284,0.985513212361568,0.9832021672667358,0.9844053549411942,0.9763831466498845,0.9787976680684034,0.9782244242123708,0.9791642501739529,0.9844386753515842,0.9841287139967907
9,0.9818091018545992,0.9793368212572185,0.9844677981147931,0.9794852733347176,0.9794552681145046,0.9807887775925767,0.9767243316873926,0.9811501359796175,0.9803270853907802,0.9805822272205191,0.9820204352416353,0.9946615075925099,0.9780732567205985,0.9880336995078017,0.9924232891167086,0.982518213346917,0.992561553898149,0.9895661495327658,0.984704935569323,0.992903125060467,0.9999999999999959,0.9792181285966844,0.9805891419768639,0.986954925134881,0.9876320649488827,0.9810867165803753,0.9865097322541313,0.978034572650193,0.9752197731235412,0.985690709378394,0.9857669935527499,0.9756411087328425,0.979820017750908,0.9765354287675883,0.9812035223483306,0.9775370968228433,0.9827478553613472,0.9612733075751958,0.9771004835548115,0.9706594366908589,0.9878529189862527,0.9617035327574098,0.9879846320194831,0.9914394101857309,0.9746312207198942,0.9779597775054317,0.9830785242034751,0.9630500849294343,0.9787575362725021,0.9812877342738315,0.9791173601488105,0.9753926333842252,0.9785960508350815,0.9825425377629761,0.9844264479676399,0.9888908604690316,0.9837554587099936,0.9874354694471125,0.9850307137757598,0.9770870723187834,0.9880910753961861,0.9874835925167335,0.979314143423724,0.9765078809593817,0.9832808310043915,0.9772491360623016,0.9653490190358994,0.9896576916759646,0.9896449297038797,0.9905789920417439,0.9929657949232349,0.979015427213331,0.9846451245464874,0.9773648516311196,0.9900909623917472,0.9857579676152989,0.9797817057929623,0.982856915922272,0.9822557570742995,0.9815671502865845,0.9756218429083741,0.9810795509384842,0.9795896754661284,0.9810081053603756,0.9849859255761978,0.9850859113766619
:,0.997276215320648,0.9948898126582163,0.9942272691025622,0.9787205752687516,0.9718217774225292,0.9976595651755344,0.9902011025938043,0.9897138908802023,0.9950383855218763,0.9951382445339324,0.995912739340548,0.9783639002715995,0.9931730554350254,0.9855956711819404,0.983837570671226,0.98505895560347,0.9843286894051368,0.9797645545291067,0.9904097106183304,0.9769022777965369,0.9792181285966844,0.9999999999999997,0.997272445835226,0.9944518994026064,0.9897602369803417,0.9808903596233576,0.9687852611690236,0.9813203593253966,0.9695374427922483,0.9780286940232557,0.9809441035096624,0.976776432353205,0.9681673087666848,0.9920662671459155,0.9896013600931607,0.9729254841255162,0.9820766650004982,0.9661251427667498,0.9751797598840678,0.972417211014109,0.9769016701582575,0.9690645397216747,0.9703478500703949,0.979107730239474,0.9888437043958519,0.9780692472627848,0.9841122151197472,0.9700464863446787,0.9774141725567986,0.9831321608563683,0.9801825711110776,0.9895118788815069,0.9891043065986919,0.9965135635765059,0.988551473414799,0.9788217583864874,0.9922706875567302,0.9783388843799882,0.9890325880811291,0.9920008800851076,0.9781898730268801,0.978978442372596,0.9937326368888808,0.9920921249173158,0.9825469583242992,0.9934505729986124,0.9800490787823032,0.9849178730745454,0.9867053238374834,0.9794617789715276,0.9791712137966597,0.9943958186981615,0.9911576635152706,0.9950149198933891,0.9852128812899693,0.9900254348549963,0.9812760156662015,0.9890201155367447,0.9886078061600763,0.9912940375299336,0.9846935511634328,0.993963926039258,0.9973969306604981,0.9968385922869815,0.9931538740934959,0.9927742894246503
;,0.9958295110432792,0.9953375963621179,0.992908888763316,0.9778864723985459,0.9740320894580752,0.9964059066627472,0.9908233636930067,0.9906282721119141,0.9942652318178284,0.992713166515276,0.9949784385746452,0.9787218070841927,0.9944594992716659,0.9879764070188742,0.9843462949408521,0.9837194876365909,0.9857929514035448,0.9802087386106842,0.9929387984737058,0.9773985964222933,0.9805891419768639,0.997272445835226,1.0,0.9923577108810011,0.9916376491071737,0.9814107166696029,0.9693640450212673,0.9815487471826664,0.9699776367000631,0.9789444807667652,0.9819999187028455,0.9767831714156667,0.9666591781029631,0.9939468982208199,0.9910175436095419,0.9728386386611554,0.9817349958421364,0.9664395944884949,0.9733757381811801,0.9723089329497803,0.9787949277078865,0.9674245865844969,0.9726348403383634,0.9798618174385249,0.9908336683440229,0.9771952353485991,0.9850189805486164,0.9667872468833972,0.9771864868425657,0.9850006406982498,0.9813010993344409,0.9901878523829155,0.9894610776663884,0.9966108571721151,0.986846200275076,0.9770357577912379,0.9900939869178246,0.9769713091451404,0.986720328588661,0.9928688424717613,0.9808378818020447,0.9775304304038006,0.9964266770368391,0.9917538822078318,0.984150860287218,0.9949442149229273,0.9781052425136509,0.9822764562327577,0.9845611773555848,0.9810454700133988,0.9805791746645668,0.9923563310900171,0.9895686799584886,0.9938865671582361,0.9834234381833044,0.991121011122556,0.9797242663652934,0.9885922525875833,0.9887238106925117,0.9895104096208008,0.983165071391299,0.9918557083048116,0.9947819382558801,0.9961337586198857,0.9908724166713251,0.991686424831064
=,0.995774773548052,0.9922196155225977,0.9943839635246867,0.983039905294985,0.9748356596961388,0.9950545392628379,0.9880986189547392,0.9881091343775211,0.9953443133076716,0.994155078365418,0.9966396107200926,0.9843370927440849,0.9891918359289865,0.9867503670434681,0.9879990979527837,0.9843076424538616,0.9879352036002148,0.9860679787523343,0.9902085392909901,0.984525192492489,0.986954925134881,0.9944518994026064,0.9923577108810011,0.9999999999999958,0.9920705890849173,0.983339908433672,0.9785353452924668,0.9826088268076413,0.9735812705117014,0.9844990737771733,0.9867326801672927,0.9775540628796712,0.9774833946976336,0.9873032862362406,0.9877427023706737,0.9783212029475353,0.9844245886776934,0.9672115698963043,0.9805473755700121,0.9742777024996806,0.9843123240642737,0.968623818359192,0.9784664164880131,0.9861571515240646,0.9844220521652142,0.9804063498682563,0.9849702827025153,0.9718279001710074,0.9814152789695049,0.9850345857280269,0.9826722714882127,0.9869440313501655,0.9870365884485652,0.9949356764910913,0.9907054457308542,0.9833075138911468,0.9917547268362812,0.9824857563910178,0.9918184339504306,0.988119658835175,0.9820645202723264,0.983651055440752,0.9902727021257643,0.988490837171326,0.9832515832865489,0.988889900718461,0.9794895901963779,0.9890413201036424,0.9895916034597583,0.9850927060099275,0.9844018566902504,0.9925435336217723,0.9931362603219915,0.9909861330052212,0.9886814662863698,0.9923258598014892,0.9860500860427881,0.9911354901827042,0.9906478249305496,0.9910962966794833,0.9868996946605044,0.9927114897809997,0.9946368736230122,0.9945004215206481,0.9935073928750002,0.9932600640869815
